8 7 25 51 1 1
7 8 25 51 1 1
15 12 2 15 1 1
12 15 2 15 1 1
17 7 7 49 1 1
7 17 7 49 1 1
9 16 6 12 1 1
16 9 6 12 1 1
10 3 31 34 1 1
3 10 31 34 1 1
12 1 9 31 1 1
1 12 9 31 1 1
4 17 23 29 1 1
17 4 23 29 1 1
16 10 4 28 1 1
10 16 4 28 1 1
3 1 4 9 1 1
1 3 4 9 1 1
14 7 32 49 1 1
7 14 32 49 1 1
4 1 45 51 1 1
1 4 45 51 1 1
16 4 34 54 1 1
4 16 34 54 1 1
16 17 17 49 1 1
17 16 17 49 1 1
8 1 2 29 1 1
1 8 2 29 1 1
10 8 23 32 1 1
8 10 23 32 1 1
14 2 32 47 1 1
2 14 32 47 1 1
1 4 38 47 1 1
4 1 38 47 1 1
14 11 9 59 1 1
11 14 9 59 1 1
4 6 35 52 1 1
6 4 35 52 1 1
3 9 6 58 1 1
9 3 6 58 1 1
7 10 27 52 1 1
10 7 27 52 1 1
14 15 45 55 1 1
15 14 45 55 1 1
16 12 24 49 1 1
12 16 24 49 1 1
3 12 14 53 1 1
12 3 14 53 1 1
4 13 19 48 1 1
13 4 19 48 1 1
1 11 25 51 1 1
11 1 25 51 1 1
13 16 18 37 1 1
16 13 18 37 1 1
1 10 8 24 1 1
10 1 8 24 1 1
3 17 31 58 1 1
17 3 31 58 1 1
12 8 3 36 1 1
8 12 3 36 1 1
4 2 13 48 1 1
2 4 13 48 1 1
9 1 19 38 1 1
1 9 19 38 1 1
1 16 18 53 1 1
16 1 18 53 1 1
7 15 7 17 1 1
15 7 7 17 1 1
9 6 28 49 1 1
6 9 28 49 1 1
4 3 13 57 1 1
3 4 13 57 1 1
4 7 29 45 1 1
7 4 29 45 1 1
16 8 1 2 1 1
8 16 1 2 1 1
3 5 20 52 1 1
5 3 20 52 1 1
14 16 12 57 1 1
16 14 12 57 1 1
8 17 16 20 1 1
17 8 16 20 1 1
13 2 6 13 1 1
2 13 6 13 1 1
1 8 32 43 1 1
8 1 32 43 1 1
1 3 21 28 1 1
3 1 21 28 1 1
2 7 15 33 1 1
7 2 15 33 1 1
5 8 9 55 1 1
8 5 9 55 1 1
3 7 25 48 1 1
7 3 25 48 1 1
2 1 29 32 1 1
1 2 29 32 1 1
7 11 33 49 1 1
11 7 33 49 1 1
16 13 30 41 1 1
13 16 30 41 1 1
4 1 47 55 1 1
1 4 47 55 1 1
9 3 33 57 1 1
3 9 33 57 1 1
11 5 8 9 1 1
5 11 8 9 1 1
10 8 21 31 1 1
8 10 21 31 1 1
8 5 4 37 1 1
5 8 4 37 1 1
17 11 22 57 1 1
11 17 22 57 1 1
15 7 2 56 1 1
7 15 2 56 1 1
3 8 7 52 1 1
8 3 7 52 1 1
1 4 8 18 1 1
4 1 8 18 1 1
7 2 26 30 1 1
2 7 26 30 1 1
10 3 37 53 1 1
3 10 37 53 1 1
13 10 7 57 1 1
10 13 7 57 1 1
1 2 5 20 1 1
2 1 5 20 1 1
4 13 24 57 1 1
13 4 24 57 1 1
2 11 11 24 1 1
11 2 11 24 1 1
