7 11 20 22 1 1
11 7 20 22 1 1
10 7 3 56 1 1
7 10 3 56 1 1
1 9 43 57 1 1
9 1 43 57 1 1
7 10 9 11 1 1
10 7 9 11 1 1
1 11 19 41 1 1
11 1 19 41 1 1
2 8 3 11 1 1
8 2 3 11 1 1
1 3 13 19 1 1
3 1 13 19 1 1
12 8 17 29 1 1
8 12 17 29 1 1
10 3 18 52 1 1
3 10 18 52 1 1
10 6 5 12 1 1
6 10 5 12 1 1
5 1 40 55 1 1
1 5 40 55 1 1
2 5 21 26 1 1
5 2 21 26 1 1
5 10 3 52 1 1
10 5 3 52 1 1
7 9 9 43 1 1
9 7 9 43 1 1
9 12 19 29 1 1
12 9 19 29 1 1
4 12 33 55 1 1
12 4 33 55 1 1
8 11 55 59 1 1
11 8 55 59 1 1
12 9 32 44 1 1
9 12 32 44 1 1
5 6 32 39 1 1
6 5 32 39 1 1
8 11 3 7 1 1
11 8 3 7 1 1
7 10 5 49 1 1
10 7 5 49 1 1
11 3 21 23 1 1
3 11 21 23 1 1
5 4 11 51 1 1
4 5 11 51 1 1
5 9 30 33 1 1
9 5 30 33 1 1
